fe_polemwardur1vcv1	fe_polemwardur1vcv2	fe_polemwardur1vcv3	fe_polemwardur1vcv4	fe_polemwardur1vcv5	fe_polemwardur1vcv6	fe_polemwardur1vcv7	fe_polemwardur1vcv8	fe_polemwardur1vcv9
5.55e-08	-2.75e-07	1.36e-08	5.41e-09	-4.14e-08	5.86e-09	2.32e-09	-2.10e-07	-4.42e-06
-2.75e-07	.0000714	-1.24e-06	-7.45e-07	1.11e-06	6.65e-07	-3.14e-07	-7.15e-06	.0005805
1.36e-08	-1.24e-06	5.54e-07	5.01e-08	-5.55e-08	-4.74e-08	1.28e-08	-3.50e-07	-.0000242
5.41e-09	-7.45e-07	5.01e-08	2.73e-08	-2.22e-09	-8.39e-09	3.91e-09	-2.23e-07	-7.21e-06
-4.14e-08	1.11e-06	-5.55e-08	-2.22e-09	7.82e-07	7.64e-08	-8.98e-09	-7.69e-08	.0000165
5.86e-09	6.65e-07	-4.74e-08	-8.39e-09	7.64e-08	1.46e-07	-1.35e-08	2.20e-07	.0000251
2.32e-09	-3.14e-07	1.28e-08	3.91e-09	-8.98e-09	-1.35e-08	3.46e-09	-1.41e-07	-6.51e-06
-2.10e-07	-7.15e-06	-3.50e-07	-2.23e-07	-7.69e-08	2.20e-07	-1.41e-07	.0000328	.0002668
-4.42e-06	.0005805	-.0000242	-7.21e-06	.0000165	.0000251	-6.51e-06	.0002668	.0122417
								
								
								
								
								
								
								
								
								
								
								
