fe_polemwardur1vcv1	fe_polemwardur1vcv2	fe_polemwardur1vcv3	fe_polemwardur1vcv4	fe_polemwardur1vcv5	fe_polemwardur1vcv6	fe_polemwardur1vcv7	fe_polemwardur1vcv8	fe_polemwardur1vcv9
5.52e-08	-3.57e-07	1.15e-08	4.62e-09	-4.04e-08	7.63e-09	1.63e-09	-1.04e-07	-3.12e-06
-3.57e-07	.0000708	-1.47e-06	-8.28e-07	1.05e-06	8.25e-07	-3.62e-07	-1.63e-06	.0006715
1.15e-08	-1.47e-06	5.77e-07	5.08e-08	-6.03e-08	-4.06e-08	1.21e-08	5.34e-07	-.0000229
4.62e-09	-8.28e-07	5.08e-08	2.65e-08	-3.29e-09	-6.88e-09	3.13e-09	-1.88e-08	-5.73e-06
-4.04e-08	1.05e-06	-6.03e-08	-3.29e-09	8.51e-07	7.68e-08	-8.82e-09	5.18e-07	.0000162
7.63e-09	8.25e-07	-4.06e-08	-6.88e-09	7.68e-08	1.49e-07	-1.33e-08	-2.69e-08	.0000246
1.63e-09	-3.62e-07	1.21e-08	3.13e-09	-8.82e-09	-1.33e-08	3.03e-09	3.13e-08	-5.69e-06
-1.04e-07	-1.63e-06	5.34e-07	-1.88e-08	5.18e-07	-2.69e-08	3.13e-08	.000033	-.0000608
-3.12e-06	.0006715	-.0000229	-5.73e-06	.0000162	.0000246	-5.69e-06	-.0000608	.0106755
								
								
								
								
								
								
								
								
								
								
								
